-7.776000200000000007e+01
-7.760411611211210925e+01
-7.744823022422421843e+01
-7.729234433633634183e+01
-7.713645844844845101e+01
-7.698057256056056019e+01
-7.682468667267266937e+01
-7.666880078478477856e+01
-7.651291489689690195e+01
-7.635702900900901113e+01
-7.620114312112112032e+01
-7.604525723323322950e+01
-7.588937134534533868e+01
-7.573348545745746208e+01
-7.557759956956957126e+01
-7.542171368168168044e+01
-7.526582779379378962e+01
-7.510994190590591302e+01
-7.495405601801802220e+01
-7.479817013013013138e+01
-7.464228424224224057e+01
-7.448639835435434975e+01
-7.433051246646647314e+01
-7.417462657857858233e+01
-7.401874069069069151e+01
-7.386285480280280069e+01
-7.370696891491490987e+01
-7.355108302702703327e+01
-7.339519713913914245e+01
-7.323931125125125163e+01
-7.308342536336336082e+01
-7.292753947547547000e+01
-7.277165358758759339e+01
-7.261576769969970258e+01
-7.245988181181181176e+01
-7.230399592392392094e+01
-7.214811003603603012e+01
-7.199222414814815352e+01
-7.183633826026026270e+01
-7.168045237237237188e+01
-7.152456648448448107e+01
-7.136868059659659025e+01
-7.121279470870871364e+01
-7.105690882082082283e+01
-7.090102293293293201e+01
-7.074513704504504119e+01
-7.058925115715715037e+01
-7.043336526926927377e+01
-7.027747938138138295e+01
-7.012159349349349213e+01
-6.996570760560560132e+01
-6.980982171771771050e+01
-6.965393582982983389e+01
-6.949804994194194308e+01
-6.934216405405405226e+01
-6.918627816616616144e+01
-6.903039227827827062e+01
-6.887450639039039402e+01
-6.871862050250250320e+01
-6.856273461461461238e+01
-6.840684872672672157e+01
-6.825096283883883075e+01
-6.809507695095095414e+01
-6.793919106306306332e+01
-6.778330517517517251e+01
-6.762741928728728169e+01
-6.747153339939939087e+01
-6.731564751151151427e+01
-6.715976162362362345e+01
-6.700387573573573263e+01
-6.684798984784784182e+01
-6.669210395995995100e+01
-6.653621807207207439e+01
-6.638033218418418357e+01
-6.622444629629629276e+01
-6.606856040840840194e+01
-6.591267452052052533e+01
-6.575678863263263452e+01
-6.560090274474474370e+01
-6.544501685685685288e+01
-6.528913096896896207e+01
-6.513324508108108546e+01
-6.497735919319319464e+01
-6.482147330530530382e+01
-6.466558741741741301e+01
-6.450970152952952219e+01
-6.435381564164164558e+01
-6.419792975375375477e+01
-6.404204386586586395e+01
-6.388615797797797313e+01
-6.373027209009008942e+01
-6.357438620220219860e+01
-6.341850031431431489e+01
-6.326261442642642407e+01
-6.310672853853853326e+01
-6.295084265065064955e+01
-6.279495676276276583e+01
-6.263907087487487502e+01
-6.248318498698698420e+01
-6.232729909909909338e+01
-6.217141321121120967e+01
-6.201552732332332596e+01
-6.185964143543543514e+01
-6.170375554754754432e+01
-6.154786965965965351e+01
-6.139198377177176980e+01
-6.123609788388388608e+01
-6.108021199599599527e+01
-6.092432610810810445e+01
-6.076844022022021363e+01
-6.061255433233232992e+01
-6.045666844444444621e+01
-6.030078255655655539e+01
-6.014489666866866457e+01
-5.998901078078078086e+01
-5.983312489289289005e+01
-5.967723900500500633e+01
-5.952135311711711552e+01
-5.936546722922922470e+01
-5.920958134134134099e+01
-5.905369545345345017e+01
-5.889780956556556646e+01
-5.874192367767767564e+01
-5.858603778978978482e+01
-5.843015190190190111e+01
-5.827426601401401740e+01
-5.811838012612612658e+01
-5.796249423823823577e+01
-5.780660835035034495e+01
-5.765072246246246124e+01
-5.749483657457457753e+01
-5.733895068668668671e+01
-5.718306479879879589e+01
-5.702717891091090507e+01
-5.687129302302302136e+01
-5.671540713513513765e+01
-5.655952124724724683e+01
-5.640363535935935602e+01
-5.624774947147146520e+01
-5.609186358358358149e+01
-5.593597769569569778e+01
-5.578009180780780696e+01
-5.562420591991991614e+01
-5.546832003203202532e+01
-5.531243414414414161e+01
-5.515654825625625790e+01
-5.500066236836836708e+01
-5.484477648048047627e+01
-5.468889059259258545e+01
-5.453300470470470174e+01
-5.437711881681681803e+01
-5.422123292892892721e+01
-5.406534704104103639e+01
-5.390946115315315268e+01
-5.375357526526526186e+01
-5.359768937737737815e+01
-5.344180348948948733e+01
-5.328591760160159652e+01
-5.313003171371371280e+01
-5.297414582582582199e+01
-5.281825993793793828e+01
-5.266237405005004746e+01
-5.250648816216215664e+01
-5.235060227427427293e+01
-5.219471638638638922e+01
-5.203883049849849840e+01
-5.188294461061060758e+01
-5.172705872272271677e+01
-5.157117283483483305e+01
-5.141528694694694934e+01
-5.125940105905905853e+01
-5.110351517117116771e+01
-5.094762928328327689e+01
-5.079174339539539318e+01
-5.063585750750750947e+01
-5.047997161961961865e+01
-5.032408573173172783e+01
-5.016819984384383702e+01
-5.001231395595595330e+01
-4.985642806806806959e+01
-4.970054218018017878e+01
-4.954465629229228796e+01
-4.938877040440439714e+01
-4.923288451651651343e+01
-4.907699862862862972e+01
-4.892111274074073890e+01
-4.876522685285284808e+01
-4.860934096496495727e+01
-4.845345507707707355e+01
-4.829756918918918984e+01
-4.814168330130129902e+01
-4.798579741341340821e+01
-4.782991152552552450e+01
-4.767402563763763368e+01
-4.751813974974974997e+01
-4.736225386186185915e+01
-4.720636797397396833e+01
-4.705048208608608462e+01
-4.689459619819819380e+01
-4.673871031031031009e+01
-4.658282442242241927e+01
-4.642693853453452846e+01
-4.627105264664664475e+01
-4.611516675875876103e+01
-4.595928087087087022e+01
-4.580339498298297940e+01
-4.564750909509508858e+01
-4.549162320720720487e+01
-4.533573731931931405e+01
-4.517985143143143034e+01
-4.502396554354353952e+01
-4.486807965565565581e+01
-4.471219376776776500e+01
-4.455630787987987418e+01
-4.440042199199199047e+01
-4.424453610410409965e+01
-4.408865021621621594e+01
-4.393276432832832512e+01
-4.377687844044043430e+01
-4.362099255255255059e+01
-4.346510666466465977e+01
-4.330922077677677606e+01
-4.315333488888888525e+01
-4.299744900100099443e+01
-4.284156311311311072e+01
-4.268567722522521990e+01
-4.252979133733733619e+01
-4.237390544944944537e+01
-4.221801956156156166e+01
-4.206213367367367084e+01
-4.190624778578578002e+01
-4.175036189789789631e+01
-4.159447601001000550e+01
-4.143859012212212178e+01
-4.128270423423423097e+01
-4.112681834634634015e+01
-4.097093245845845644e+01
-4.081504657057056562e+01
-4.065916068268268191e+01
-4.050327479479479109e+01
-4.034738890690690027e+01
-4.019150301901901656e+01
-4.003561713113112575e+01
-3.987973124324324203e+01
-3.972384535535535122e+01
-3.956795946746746040e+01
-3.941207357957957669e+01
-3.925618769169168587e+01
-3.910030180380380216e+01
-3.894441591591591134e+01
-3.878853002802802763e+01
-3.863264414014013681e+01
-3.847675825225224600e+01
-3.832087236436436228e+01
-3.816498647647647147e+01
-3.800910058858858775e+01
-3.785321470070069694e+01
-3.769732881281280612e+01
-3.754144292492492241e+01
-3.738555703703703159e+01
-3.722967114914914788e+01
-3.707378526126125706e+01
-3.691789937337336625e+01
-3.676201348548548253e+01
-3.660612759759759172e+01
-3.645024170970970800e+01
-3.629435582182181719e+01
-3.613846993393393348e+01
-3.598258404604604266e+01
-3.582669815815815184e+01
-3.567081227027026813e+01
-3.551492638238237731e+01
-3.535904049449449360e+01
-3.520315460660660278e+01
-3.504726871871871197e+01
-3.489138283083082825e+01
-3.473549694294293744e+01
-3.457961105505505373e+01
-3.442372516716716291e+01
-3.426783927927927209e+01
-3.411195339139138838e+01
-3.395606750350349756e+01
-3.380018161561561385e+01
-3.364429572772772303e+01
-3.348840983983983222e+01
-3.333252395195194850e+01
-3.317663806406405769e+01
-3.302075217617617398e+01
-3.286486628828828316e+01
-3.270898040040039945e+01
-3.255309451251250863e+01
-3.239720862462461781e+01
-3.224132273673673410e+01
-3.208543684884884328e+01
-3.192955096096095957e+01
-3.177366507307306875e+01
-3.161777918518517794e+01
-3.146189329729729423e+01
-3.130600740940940341e+01
-3.115012152152151970e+01
-3.099423563363362888e+01
-3.083834974574573806e+01
-3.068246385785785435e+01
-3.052657796996996353e+01
-3.037069208208207982e+01
-3.021480619419418900e+01
-3.005892030630630529e+01
-2.990303441841841448e+01
-2.974714853053052366e+01
-2.959126264264263995e+01
-2.943537675475474913e+01
-2.927949086686686542e+01
-2.912360497897897460e+01
-2.896771909109108378e+01
-2.881183320320320007e+01
-2.865594731531530925e+01
-2.850006142742742554e+01
-2.834417553953953473e+01
-2.818828965165164391e+01
-2.803240376376376020e+01
-2.787651787587586938e+01
-2.772063198798798567e+01
-2.756474610010009485e+01
-2.740886021221220403e+01
-2.725297432432432032e+01
-2.709708843643642950e+01
-2.694120254854854579e+01
-2.678531666066065497e+01
-2.662943077277277126e+01
-2.647354488488488045e+01
-2.631765899699698963e+01
-2.616177310910910592e+01
-2.600588722122121510e+01
-2.585000133333333139e+01
-2.569411544544544057e+01
-2.553822955755754975e+01
-2.538234366966966604e+01
-2.522645778178177522e+01
-2.507057189389389151e+01
-2.491468600600600070e+01
-2.475880011811810988e+01
-2.460291423023022617e+01
-2.444702834234233535e+01
-2.429114245445445164e+01
-2.413525656656656082e+01
-2.397937067867867711e+01
-2.382348479079078629e+01
-2.366759890290289547e+01
-2.351171301501501176e+01
-2.335582712712712095e+01
-2.319994123923923723e+01
-2.304405535135134642e+01
-2.288816946346345560e+01
-2.273228357557557189e+01
-2.257639768768768107e+01
-2.242051179979979736e+01
-2.226462591191190654e+01
-2.210874002402401572e+01
-2.195285413613613201e+01
-2.179696824824824120e+01
-2.164108236036035748e+01
-2.148519647247246667e+01
-2.132931058458457585e+01
-2.117342469669669214e+01
-2.101753880880880132e+01
-2.086165292092091761e+01
-2.070576703303302679e+01
-2.054988114514514308e+01
-2.039399525725725226e+01
-2.023810936936936145e+01
-2.008222348148147773e+01
-1.992633759359358692e+01
-1.977045170570570320e+01
-1.961456581781781239e+01
-1.945867992992992157e+01
-1.930279404204203786e+01
-1.914690815415414704e+01
-1.899102226626626333e+01
-1.883513637837837251e+01
-1.867925049049048170e+01
-1.852336460260259798e+01
-1.836747871471470717e+01
-1.821159282682682345e+01
-1.805570693893893264e+01
-1.789982105105104893e+01
-1.774393516316315811e+01
-1.758804927527526729e+01
-1.743216338738738358e+01
-1.727627749949949276e+01
-1.712039161161160905e+01
-1.696450572372371823e+01
-1.680861983583582742e+01
-1.665273394794794370e+01
-1.649684806006005289e+01
-1.634096217217216918e+01
-1.618507628428427836e+01
-1.602919039639638754e+01
-1.587330450850850383e+01
-1.571741862062061301e+01
-1.556153273273272930e+01
-1.540564684484483848e+01
-1.524976095695694767e+01
-1.509387506906906395e+01
-1.493798918118117314e+01
-1.478210329329328943e+01
-1.462621740540539861e+01
-1.447033151751751490e+01
-1.431444562962962408e+01
-1.415855974174173326e+01
-1.400267385385384955e+01
-1.384678796596595873e+01
-1.369090207807806792e+01
-1.353501619019017710e+01
-1.337913030230230049e+01
-1.322324441441440968e+01
-1.306735852652651886e+01
-1.291147263863862804e+01
-1.275558675075075143e+01
-1.259970086286286062e+01
-1.244381497497496980e+01
-1.228792908708707898e+01
-1.213204319919918817e+01
-1.197615731131131156e+01
-1.182027142342342074e+01
-1.166438553553552993e+01
-1.150849964764763911e+01
-1.135261375975974829e+01
-1.119672787187187168e+01
-1.104084198398398087e+01
-1.088495609609609005e+01
-1.072907020820819923e+01
-1.057318432032030842e+01
-1.041729843243243181e+01
-1.026141254454454099e+01
-1.010552665665665018e+01
-9.949640768768759358e+00
-9.793754880880868541e+00
-9.637868992992991934e+00
-9.481983105105101117e+00
-9.326097217217210300e+00
-9.170211329329319483e+00
-9.014325441441428666e+00
-8.858439553553552059e+00
-8.702553665665661242e+00
-8.546667777777770425e+00
-8.390781889889879608e+00
-8.234896002001988791e+00
-8.079010114114112184e+00
-7.923124226226221367e+00
-7.767238338338330550e+00
-7.611352450450439733e+00
-7.455466562562548916e+00
-7.299580674674672309e+00
-7.143694786786781492e+00
-6.987808898898890675e+00
-6.831923011010999858e+00
-6.676037123123123251e+00
-6.520151235235232434e+00
-6.364265347347341617e+00
-6.208379459459450800e+00
-6.052493571571559983e+00
-5.896607683683683376e+00
-5.740721795795792559e+00
-5.584835907907901742e+00
-5.428950020020010925e+00
-5.273064132132120108e+00
-5.117178244244243501e+00
-4.961292356356352684e+00
-4.805406468468461867e+00
-4.649520580580571050e+00
-4.493634692692680233e+00
-4.337748804804803626e+00
-4.181862916916912809e+00
-4.025977029029021992e+00
-3.870091141141131175e+00
-3.714205253253240357e+00
-3.558319365365363751e+00
-3.402433477477472934e+00
-3.246547589589582117e+00
-3.090661701701691300e+00
-2.934775813813800482e+00
-2.778889925925923876e+00
-2.623004038038033059e+00
-2.467118150150142242e+00
-2.311232262262251425e+00
-2.155346374374360607e+00
-1.999460486486484001e+00
-1.843574598598593184e+00
-1.687688710710702367e+00
-1.531802822822811549e+00
-1.375916934934920732e+00
-1.220031047047044126e+00
-1.064145159159153309e+00
-9.082592712712624916e-01
-7.523733833833716744e-01
-5.964874954954950681e-01
-4.406016076076042509e-01
-2.847157197197134337e-01
-1.288298318318226166e-01
2.705605605606820063e-02
1.829419439439448070e-01
3.388278318318356241e-01
4.947137197197264413e-01
6.505996076076172585e-01
8.064854954955080757e-01
9.623713833833846820e-01
1.118257271271275499e+00
1.274143159159166316e+00
1.430029047047057134e+00
1.585914934934947951e+00
1.741800822822824557e+00
1.897686710710715374e+00
2.053572598598606191e+00
2.209458486486497009e+00
2.365344374374387826e+00
2.521230262262264432e+00
2.677116150150155249e+00
2.833002038038046067e+00
2.988887925925936884e+00
3.144773813813827701e+00
3.300659701701704307e+00
3.456545589589595124e+00
3.612431477477485942e+00
3.768317365365376759e+00
3.924203253253267576e+00
4.080089141141144182e+00
4.235975029029034999e+00
4.391860916916925817e+00
4.547746804804816634e+00
4.703632692692707451e+00
4.859518580580584057e+00
5.015404468468474874e+00
5.171290356356365692e+00
5.327176244244256509e+00
5.483062132132133115e+00
5.638948020020023932e+00
5.794833907907914750e+00
5.950719795795805567e+00
6.106605683683696384e+00
6.262491571571572990e+00
6.418377459459463807e+00
6.574263347347354625e+00
6.730149235235245442e+00
6.886035123123136259e+00
7.041921011011012865e+00
7.197806898898903682e+00
7.353692786786794500e+00
7.509578674674685317e+00
7.665464562562576134e+00
7.821350450450452740e+00
7.977236338338343558e+00
8.133122226226234375e+00
8.289008114114125192e+00
8.444894002002016009e+00
8.600779889889892615e+00
8.756665777777783433e+00
8.912551665665674250e+00
9.068437553553565067e+00
9.224323441441455884e+00
9.380209329329332490e+00
9.536095217217223308e+00
9.691981105105114125e+00
9.847866992993004942e+00
1.000375288088089576e+01
1.015963876876877237e+01
1.031552465665666318e+01
1.047141054454455400e+01
1.062729643243244482e+01
1.078318232032033563e+01
1.093906820820821224e+01
1.109495409609610306e+01
1.125083998398399387e+01
1.140672587187188469e+01
1.156261175975976130e+01
1.171849764764765212e+01
1.187438353553554293e+01
1.203026942342343375e+01
1.218615531131132457e+01
1.234204119919920117e+01
1.249792708708709199e+01
1.265381297497498281e+01
1.280969886286287363e+01
1.296558475075076444e+01
1.312147063863864105e+01
1.327735652652653187e+01
1.343324241441442268e+01
1.358912830230231350e+01
1.374501419019020432e+01
1.390090007807808092e+01
1.405678596596597174e+01
1.421267185385386256e+01
1.436855774174175338e+01
1.452444362962964419e+01
1.468032951751752080e+01
1.483621540540541162e+01
1.499210129329330243e+01
1.514798718118119325e+01
1.530387306906908407e+01
1.545975895695696067e+01
1.561564484484485149e+01
1.577153073273274231e+01
1.592741662062063313e+01
1.608330250850852394e+01
1.623918839639640055e+01
1.639507428428429137e+01
1.655096017217218218e+01
1.670684606006007300e+01
1.686273194794796382e+01
1.701861783583584042e+01
1.717450372372373124e+01
1.733038961161162206e+01
1.748627549949951288e+01
1.764216138738738948e+01
1.779804727527528030e+01
1.795393316316317112e+01
1.810981905105106193e+01
1.826570493893895275e+01
1.842159082682682936e+01
1.857747671471472017e+01
1.873336260260261099e+01
1.888924849049050181e+01
1.904513437837839263e+01
1.920102026626626923e+01
1.935690615415416005e+01
1.951279204204205087e+01
1.966867792992994168e+01
1.982456381781783250e+01
1.998044970570570911e+01
2.013633559359359992e+01
2.029222148148149074e+01
2.044810736936938156e+01
2.060399325725727238e+01
2.075987914514514898e+01
2.091576503303303980e+01
2.107165092092093062e+01
2.122753680880882143e+01
2.138342269669671225e+01
2.153930858458458886e+01
2.169519447247247967e+01
2.185108036036037049e+01
2.200696624824826131e+01
2.216285213613615213e+01
2.231873802402402873e+01
2.247462391191191955e+01
2.263050979979981037e+01
2.278639568768770118e+01
2.294228157557559200e+01
2.309816746346346861e+01
2.325405335135135942e+01
2.340993923923925024e+01
2.356582512712714106e+01
2.372171101501501767e+01
2.387759690290290848e+01
2.403348279079079930e+01
2.418936867867869012e+01
2.434525456656658093e+01
2.450114045445445754e+01
2.465702634234234836e+01
2.481291223023023917e+01
2.496879811811812999e+01
2.512468400600602081e+01
2.528056989389389742e+01
2.543645578178178823e+01
2.559234166966967905e+01
2.574822755755756987e+01
2.590411344544546068e+01
2.605999933333333729e+01
2.621588522122122811e+01
2.637177110910911892e+01
2.652765699699700974e+01
2.668354288488490056e+01
2.683942877277277717e+01
2.699531466066066798e+01
2.715120054854855880e+01
2.730708643643644962e+01
2.746297232432434043e+01
2.761885821221221704e+01
2.777474410010010786e+01
2.793062998798799867e+01
2.808651587587588949e+01
2.824240176376378031e+01
2.839828765165165692e+01
2.855417353953954773e+01
2.871005942742743855e+01
2.886594531531532937e+01
2.902183120320322018e+01
2.917771709109109679e+01
2.933360297897898761e+01
2.948948886686687842e+01
2.964537475475476924e+01
2.980126064264264585e+01
2.995714653053053667e+01
3.011303241841842748e+01
3.026891830630631830e+01
3.042480419419420912e+01
3.058069008208208572e+01
3.073657596996997654e+01
3.089246185785786736e+01
3.104834774574575817e+01
3.120423363363364899e+01
3.136011952152152560e+01
3.151600540940941642e+01
3.167189129729730723e+01
3.182777718518519805e+01
3.198366307307308887e+01
3.213954896096096547e+01
3.229543484884885629e+01
3.245132073673674711e+01
3.260720662462463793e+01
3.276309251251252874e+01
3.291897840040040535e+01
3.307486428828829617e+01
3.323075017617618698e+01
3.338663606406407780e+01
3.354252195195196862e+01
3.369840783983984522e+01
3.385429372772773604e+01
3.401017961561562686e+01
3.416606550350351768e+01
3.432195139139140849e+01
3.447783727927928510e+01
3.463372316716717592e+01
3.478960905505506673e+01
3.494549494294295755e+01
3.510138083083084837e+01
3.525726671871872497e+01
3.541315260660661579e+01
3.556903849449450661e+01
3.572492438238239743e+01
3.588081027027027403e+01
3.603669615815816485e+01
3.619258204604605567e+01
3.634846793393394648e+01
3.650435382182183730e+01
3.666023970970971391e+01
3.681612559759760472e+01
3.697201148548549554e+01
3.712789737337338636e+01
3.728378326126127718e+01
3.743966914914915378e+01
3.759555503703704460e+01
3.775144092492493542e+01
3.790732681281282623e+01
3.806321270070071705e+01
3.821909858858859366e+01
3.837498447647648447e+01
3.853087036436437529e+01
3.868675625225226611e+01
3.884264214014015693e+01
3.899852802802803353e+01
3.915441391591592435e+01
3.931029980380381517e+01
3.946618569169170598e+01
3.962207157957959680e+01
3.977795746746747341e+01
3.993384335535536422e+01
4.008972924324325504e+01
4.024561513113114586e+01
4.040150101901903668e+01
4.055738690690691328e+01
4.071327279479480410e+01
4.086915868268269492e+01
4.102504457057058573e+01
4.118093045845847655e+01
4.133681634634635316e+01
4.149270223423424397e+01
4.164858812212213479e+01
4.180447401001002561e+01
4.196035989789790221e+01
4.211624578578579303e+01
4.227213167367368385e+01
4.242801756156157467e+01
4.258390344944946548e+01
4.273978933733734209e+01
4.289567522522523291e+01
4.305156111311312372e+01
4.320744700100101454e+01
4.336333288888890536e+01
4.351921877677678197e+01
4.367510466466467278e+01
4.383099055255256360e+01
4.398687644044045442e+01
4.414276232832834523e+01
4.429864821621622184e+01
4.445453410410411266e+01
4.461041999199200347e+01
4.476630587987989429e+01
4.492219176776778511e+01
4.507807765565566172e+01
4.523396354354355253e+01
4.538984943143144335e+01
4.554573531931933417e+01
4.570162120720722498e+01
4.585750709509510159e+01
4.601339298298299241e+01
4.616927887087088322e+01
4.632516475875877404e+01
4.648105064664666486e+01
4.663693653453454147e+01
4.679282242242243228e+01
4.694870831031032310e+01
4.710459419819821392e+01
4.726048008608610473e+01
4.741636597397398134e+01
4.757225186186187216e+01
4.772813774974976297e+01
4.788402363763765379e+01
4.803990952552554461e+01
4.819579541341342122e+01
4.835168130130131203e+01
4.850756718918920285e+01
4.866345307707709367e+01
4.881933896496497027e+01
4.897522485285286109e+01
4.913111074074075191e+01
4.928699662862864272e+01
4.944288251651653354e+01
4.959876840440441015e+01
4.975465429229230097e+01
4.991054018018019178e+01
5.006642606806808260e+01
5.022231195595597342e+01
5.037819784384386423e+01
5.053408373173174084e+01
5.068996961961964587e+01
5.084585550750752247e+01
5.100174139539539908e+01
5.115762728328330411e+01
5.131351317117118072e+01
5.146939905905905732e+01
5.162528494694696235e+01
5.178117083483483896e+01
5.193705672272274398e+01
5.209294261061062059e+01
5.224882849849849720e+01
5.240471438638640223e+01
5.256060027427427883e+01
5.271648616216218386e+01
5.287237205005006047e+01
5.302825793793793707e+01
5.318414382582584210e+01
5.334002971371371871e+01
5.349591560160162373e+01
5.365180148948950034e+01
5.380768737737737695e+01
5.396357326526528198e+01
5.411945915315315858e+01
5.427534504104106361e+01
5.443123092892894022e+01
5.458711681681681682e+01
5.474300270470472185e+01
5.489888859259259846e+01
5.505477448048050348e+01
5.521066036836838009e+01
5.536654625625625670e+01
5.552243214414416173e+01
5.567831803203203833e+01
5.583420391991994336e+01
5.599008980780781997e+01
5.614597569569569657e+01
5.630186158358360160e+01
5.645774747147147821e+01
5.661363335935938323e+01
5.676951924724725984e+01
5.692540513513513645e+01
5.708129102302304148e+01
5.723717691091091808e+01
5.739306279879882311e+01
5.754894868668669972e+01
5.770483457457457632e+01
5.786072046246248135e+01
5.801660635035035796e+01
5.817249223823826298e+01
5.832837812612613959e+01
5.848426401401401620e+01
5.864014990190192123e+01
5.879603578978979783e+01
5.895192167767770286e+01
5.910780756556557947e+01
5.926369345345345607e+01
5.941957934134136110e+01
5.957546522922923771e+01
5.973135111711714273e+01
5.988723700500501934e+01
6.004312289289289595e+01
6.019900878078080098e+01
6.035489466866867758e+01
6.051078055655658261e+01
6.066666644444445922e+01
6.082255233233233582e+01
6.097843822022024085e+01
6.113432410810811746e+01
6.129020999599602249e+01
6.144609588388389909e+01
6.160198177177177570e+01
6.175786765965968073e+01
6.191375354754755733e+01
6.206963943543546236e+01
6.222552532332333897e+01
6.238141121121121557e+01
6.253729709909912060e+01
6.269318298698699721e+01
6.284906887487490224e+01
6.300495476276277884e+01
6.316084065065065545e+01
6.331672653853856048e+01
6.347261242642643708e+01
6.362849831431431369e+01
6.378438420220221872e+01
6.394027009009009532e+01
6.409615597797800035e+01
6.425204186586587696e+01
6.440792775375375356e+01
6.456381364164165859e+01
6.471969952952953520e+01
6.487558541741744023e+01
6.503147130530531683e+01
6.518735719319319344e+01
6.534324308108109847e+01
6.549912896896897507e+01
6.565501485685688010e+01
6.581090074474475671e+01
6.596678663263263331e+01
6.612267252052053834e+01
6.627855840840841495e+01
6.643444429629631998e+01
6.659033018418419658e+01
6.674621607207207319e+01
6.690210195995997822e+01
6.705798784784785482e+01
6.721387373573575985e+01
6.736975962362363646e+01
6.752564551151151306e+01
6.768153139939941809e+01
6.783741728728729470e+01
6.799330317517519973e+01
6.814918906306307633e+01
6.830507495095095294e+01
6.846096083883885797e+01
6.861684672672673457e+01
6.877273261461463960e+01
6.892861850250251621e+01
6.908450439039039281e+01
6.924039027827829784e+01
6.939627616616617445e+01
6.955216205405407948e+01
6.970804794194195608e+01
6.986393382982983269e+01
7.001981971771773772e+01
7.017570560560561432e+01
7.033159149349351935e+01
7.048747738138139596e+01
7.064336326926927256e+01
7.079924915715717759e+01
7.095513504504505420e+01
7.111102093293295923e+01
7.126690682082083583e+01
7.142279270870871244e+01
7.157867859659661747e+01
7.173456448448449407e+01
7.189045037237239910e+01
7.204633626026027571e+01
7.220222214814815231e+01
7.235810803603605734e+01
7.251399392392393395e+01
7.266987981181183898e+01
7.282576569969971558e+01
7.298165158758759219e+01
7.313753747547549722e+01
7.329342336336337382e+01
7.344930925125127885e+01
7.360519513913915546e+01
7.376108102702703206e+01
7.391696691491493709e+01
7.407285280280281370e+01
7.422873869069071873e+01
7.438462457857859533e+01
7.454051046646647194e+01
7.469639635435437697e+01
7.485228224224225357e+01
7.500816813013015860e+01
7.516405401801803521e+01
7.531993990590591181e+01
7.547582579379381684e+01
7.563171168168169345e+01
7.578759756956957006e+01
7.594348345745747508e+01
7.609936934534535169e+01
7.625525523323325672e+01
7.641114112112113332e+01
7.656702700900900993e+01
7.672291289689691496e+01
7.687879878478479156e+01
7.703468467267269659e+01
7.719057056056057320e+01
7.734645644844844981e+01
7.750234233633635483e+01
7.765822822422423144e+01
7.781411411211213647e+01
7.796999999999999886e+01
